[ 8783.442018] [Project1] 6644 1588148282.380656629 1588148283.296894910
[ 8828.587458] [Project1] 6655 1588148327.551255840 1588148328.442667195
[ 8830.279186] [Project1] 6656 1588148329.253231463 1588148330.134407806
[ 8831.940548] [Project1] 6657 1588148330.903923938 1588148331.795782647
[ 8833.637701] [Project1] 6658 1588148332.605965328 1588148333.492948168
[ 8835.344553] [Project1] 6659 1588148334.316264081 1588148335.199812991
[ 8837.003845] [Project1] 6660 1588148335.987840367 1588148336.859116922
[ 8838.660389] [Project1] 6661 1588148337.635083371 1588148338.515673174
[ 8840.301945] [Project1] 6662 1588148339.287483280 1588148340.157241355
[ 8841.978409] [Project1] 6667 1588148340.980144111 1588148341.833719085
